 362 ,
 138 ,
 588 ,
 879 ,
 840 ,
 853 ,
 775 ,
 921 ,
 275 ,
 339,
 810,
 235,
 894,
 167,
 527,
 658,
 837,
 597,
 316,
 146,
 399,
 742,
 732,
 317,
 368,
 881,
 131,
 62 ,
 344,
 298,
 934,
 842,
 758,
 398,
 410,
 239,
 752,
 575,
 43 ,
 413,
 568,
 597,
 850,
 662,
 276,
 485,
 672,
 44 ,
 850,
 205,
 880,
 311,
 112,
 707,
 551,
 504,
 237,
 163,
 153,
 834,
 6 6,
 512,
 843,
 141,
 405,
 279,
 295,
 413,
 202,
 811,
 634,
 461,
 316,
 162,
 237,
 53 ,
 762,
 462,
 61 ,
 462,
 194,
 532,
 167,
 497,
 10 ,
 765,
 477,
 823,
 439,
 350,
 696,
 585,
 395,
 857,
 921,
 440,
 802,
 283,
 783,
 756,
 100,
 236,
 603,
 247,
 299,
 644,
 758,
 78,
 423,
 91,
 870,
 946,
 572,
 252,
 679,
 82,
 389,
 614,
 539,
 615,
 711,
 481,
 80,
 298,
 565,
 556,
 644,
 737,
 310,
 442,
 204,
 282,
 665,
 575,
 484,
 59,
 562,
 686,
 342,
 887,
 645,
 429,
 931,
 856,
 290,
 418,
 850,
 791,
 32,
 214,
 261,
 118,
 316,
 782,
 476,
 281,
 790,
 118,
 584,
 210,
 836,
 494,
 597,
 502,
 632,
 834,
 128,
 670,
 811,
 495,
 343,
 221,
 59,
 277,
 75,
 581,
 315,
 524,
 603,
 411,
 636,
 671,
 409,
 772,
 54,
 37,
 852,
 938,
 877,
 178,
 671,
 936,
 213,
 240,
 762,
 506,
 786,
 357,
 669,
 346,
 794,
 390,
 602,
 422,
 276,
 848,
 403,
 932,
 127,
 595,
 34,
 274,
 114,
 31,
 209,
 718,
 399,
 564,
 96,
 208,
 652,
 257,
 212,
 629,
 872,
 103,
 479,
 402,
 578,
 256,
 604,
 657,
 341,
 824,
 934,
 42,
 669,
 687,
 222,
 406,
 636,
 89,
 750,
 149,
 129,
 64,
 946,
 521,
 831,
 894,
 136,
 881,
 820,
 492,
 698,
 516,
 772,
 388,
 121,
 942,
 347,
 278,
 884,
 682,
 833,
 389,
 862,
 881,
 455,
 690,
 153,
 389,
 376,
 539,
 695,
 667,
 344,
 817,
 192,
 233,
 347,
 909,
 738,
 673,
 938,
 789,
 7 ,
 651,
 532,
 945,
 799,
 505,
 643,
 782,
 123,
 702,
 278,
 98,
 102,
 894,
 2 ,
 370,
 325,
 311,
 411,
 585,
 454,
 464,
 396,
 450,
 925,
 59,
 457,
 359,
 917,
 11,
 97,
 362,
 809,
 927,
 569,
 851,
 692,
 333,
 711,
 345,
 52,
 709,
 201,
 872,
 148,
 604,
 761,
 178,
 324,
 467,
 522,
 209,
 257,
 340,
 819,
 421,
 83,
 605,
 149,
 942,
 792,
 686,
 305,
 471,
 435,
 939,
 502,
 18,
 262,
 522,
 333,
 885,
 948,
 948,
 325,
 442,
 846,
 241,
 174,
 817,
 474,
 418,
 850,
 675,
 199,
 715,
 391,
 564,
 869,
 941,
 465,
 947,
 706,
 825,
 39,
 187,
 98,
 550,
 924,
 741,
 628,
 444,
 597,
 336,
 713,
 166,
 510,
 20,
 474,
 625,
 377,
 633,
 858,
 851,
 588,
 590,
 265,
 768,
 521,
 683,
 397,
 508,
 571,
 291,
 493,
 590,
 423,
 899,
 323,
 548,
 759,
 90,
 709,
 776,
 127,
 145,
 324,
 224,
 387,
 857,
 45,
 552,
 934,
 449,
 205,
 816,
 713,
 604,
 281,
 521,
 305,
 876,
 89,
 172,
 877,
 304,
 720,
 922,
 553,
 339,
 14,
 725,
 656,
 521,
 948,
 27,
 538,
 886,
 655,
 583,
 363,
 856,
 535,
 121,
 761,
 158,
 763,
 370,
 469,
 390,
 936,
 467,
 578,
 214,
 919,
 490,
 383,
 101,
 854,
 388,
 732,
 311,
 943,
 373,
 849,
 705,
 408,
 534,
 487,
 690,
 351,
 189,
 149,
 777,
 849,
 860,
 534,
 56,
 877,
 536,
 213,
 676,
 297,
 515,
 899,
 97,
 575,
 484,
 110,
 838,
 575,
 919,
 142,
 116,
 670,
 428,
 424,
 276,
 422,
 748,
 846,
 618,
 693,
 804,
 204,
 510,
 282,
 292,
 915,
 302,
 262,
 939,
 409,
 707,
 26,
 885,
 25,
 123,
 28,
 232,
 193,
 164,
 557,
 459,
 277,
 550,
 867,
 524,
 275,
 328,
 110,
 661,
 764,
 871,
 653,
 454,
 498,
 663,
 827,
 473,
 944,
 310,
 376,
 215,
 134,
 803,
 237,
 558,
 489,
 284,
 849,
 638,
 434,
 257,
 240,
 429,
 784,
 729,
 567,
 101,
 6 ,
 90,
 50,
 694,
 603,
 289,
 129,
 658,
 435,
 258,
 368,
 796,
 874,
 428,
 515,
 768,
 318,
 373,
 531,
 587,
 657,
 302,
 113,
 312,
 440,
 274,
 65,
 392,
 772,
 313,
 96,
 430,
 180,
 313,
 794,
 149,
 73,
 549,
 273,
 169,
 51,
 541,
 537,
 319,
 905,
 895,
 845,
 46,
 219,
 328,
 449,
 406,
 517,
 235,
 782,
 761,
 358,
 435,
 155,
 459,
 907,
 496,
 436,
 616,
 90,
 223,
 291,
 415,
 211,
 383,
 842,
 526,
 533,
 26,
 611,
 714,
 11,
 10,
 616,
 530,
 612,
 4 ,
 14,
 67,
 827,
 546,
 584,
 672,
 611,
 555,
 217,
 771,
 314,
 395,
 402,
 215,
 583,
 219,
 876,
 901,
 290,
 28,
 609,
 186,
 844,
 371,
 660,
 47,
 793,
 734,
 571,
 600,
 690,
 254,
 643,
 805,
 872,
 700,
 559,
 453,
 193,
 85,
 892,
 669,
 688,
 811,
 431,
 166,
 739,
 122,
 572,
 328,
 928,
 577,
 701,
 934,
 431,
 336,
 863,
 666,
 155,
 520,
 240,
 484,
 758,
 440,
 468,
 313,
 189,
 945,
 358,
 28,
 666,
 629,
 796,
 35,
 293,
 368,
 637,
 23,
 693,
 179,
 797,
 894,
 20,
 428,
 433,
 24,
 178,
 297,
 602,
 452,
 675,
 695,
 617,
 321,
 482,
 351,
 363,
 883,
 905,
 512,
 900,
 580,
 132,
 57,
 593,
 363,
 415,
 787,
 13,
 576,
 537,
 171,
 379,
 948,
 321,
 537,
 770,
 88,
 747,
 781,
 728,
 244,
 752,
 917,
 201,
 850,
 885,
 876,
 479,
 516,
 668,
 156,
 678,
 835,
 323,
 518,
 15,
 277,
 317,
 256,
 546,
 503,
 49,
 698,
 193,
 406,
 133,
 77,
 76,
 191,
 503,
 756,
 584,
 551,
 79,
 158,
 344,
 610,
 411,
 230,
 312,
 180,
 233,
 142,
 66,
 121,
 387,
 261,
 835,
 499,
 279,
 15,
 267,
 375,
 350,
 406,
 473,
 702,
 716,
 901,
 756,
 619,
 920,
 36,
 945,
 65,
 512,
 196,
 666,
 13,
 600,
 675,
 171,
 647,
 406,
 542,
 668,
 930,
 813,
 264,
 211,
 857,
 54,
 115,
 913,
 562,
 299,
 400,
 675,
 257,
 565,
 229,
 672,
 604,
 762,
 44,
 654,
 647,
 63,
 315,
 793,
 297,
 159,
 285,
 759,
 910,
 103,
 424,
 124,
 55,
 386,
 687,
 681,
 157,
 166,
 917,
 63,
 86,
 697,
 541,
 171,
 161,
 31,
 464,
 934,
 475,
 627,
 671,
 237,
 699,
 610,
 196,
 411,
 414,
 64,
 332,
 83,
 568,
 878,
 505,
 15,
 544,
 390,
 498,
 48,
 162,
 216,
 252,
 791,
 905,
 114,
 297,
 668,
 321,
 25,
 171,
 614,
 336,
 735,
 649,
 325,
 527,
 162,
 183,
 372,
 839,
 359,
 251,
 766,
 208,
 676,
 892,
 794,
 760,
 230,
 811,
 718,
 184,
 881,
 835,
 746,
 98,
 124,
 63,
 628,
 342,
 534,
 487,
 168,
 678,
 130,
 547,
 878,
 823,
 374,
 704,
 821,
 715,
 832,
 320,
 866,
 796,
 886,
 674,
 142,
 361,
 183,
 757,
 807,
 783,
 854,
 235,
 233,
 172,
 598,
 448,
 731,
 613,
 371,
 172,
 683,
  939,